-----------------------------------------------------------------------------------------------------------------------
Bisection method with bounds :[0,2] and tolerance 1e-06.

 n                    low                    up                  new_x              f(new_x)
 1           0.0000000000          2.0000000000           1.0000000000           -7.0000e+00
 2           1.0000000000          2.0000000000           1.5000000000               2.9e+00
 3           1.0000000000          1.5000000000           1.2500000000              -2.4e+00
 4           1.2500000000          1.5000000000           1.3750000000               1.3e-01
 5           1.2500000000          1.3750000000           1.3125000000              -1.2e+00
 6           1.3125000000          1.3750000000           1.3437500000              -5.2e-01
 7           1.3437500000          1.3750000000           1.3593750000              -2.0e-01
 8           1.3593750000          1.3750000000           1.3671875000              -3.4e-02
 9           1.3671875000          1.3750000000           1.3710937500               4.8e-02
10           1.3671875000          1.3710937500           1.3691406250               7.0e-03
11           1.3671875000          1.3691406250           1.3681640625              -1.4e-02
12           1.3681640625          1.3691406250           1.3686523438              -3.3e-03
13           1.3686523438          1.3691406250           1.3688964844               1.9e-03
14           1.3686523438          1.3688964844           1.3687744141              -7.1e-04
15           1.3687744141          1.3688964844           1.3688354492               5.8e-04
16           1.3687744141          1.3688354492           1.3688049316              -6.7e-05
17           1.3688049316          1.3688354492           1.3688201904               2.5e-04
18           1.3688049316          1.3688201904           1.3688125610               9.4e-05
19           1.3688049316          1.3688125610           1.3688087463               1.3e-05
20           1.3688049316          1.3688087463           1.
ü3688068390              -2.7e-05
21           1.3688068390          1.3688087463           1.3688077927              -6.6e-06

Final x:  1.3688077927 f(x): -0.0000066486 iter_count = 21 Abs_Error: 9.54e-07
-----------------------------------------------------------------------------------------------------------------------
-----------------------------------------------------------------------------------------------------------------------
False Position method with bounds :[0,2] and tolerance 1e-06.

 n                     p0                    p1                  new_x              f(new_x)
 1          0.00000000000         2.00000000000          1.11111111111           -5.0480e+00
 2          1.11111111111         2.00000000000          1.32429614181           -9.2702e-01
 3          1.32429614181         2.00000000000          1.36130153560           -1.5802e-01
 4          1.36130153560         2.00000000000          1.36754763625           -2.6581e-02
 5          1.36754763625         2.00000000000          1.36859660975           -4.4615e-03
 6          1.36859660975         2.00000000000          1.36877262433           -7.4856e-04
 7          1.36877262433         2.00000000000          1.36880215480           -1.2559e-04
 8          1.36880215480         2.00000000000          1.36880710909           -2.1069e-05
 9          1.36880710909         2.00000000000          1.36880794027           -3.5348e-06

Final x:  1.3688079403 f(x): -0.0000035348 iter_count = 9 Abs_Error: 8.31e-07
-----------------------------------------------------------------------------------------------------------------------
-----------------------------------------------------------------------------------------------------------------------
Modified False Position method with bounds :[0,2] and tolerance 1e-06.

 n                     p0                    p1                  new_x              f(new_x)              Counter
 1          0.00000000000         2.00000000000          1.11111111111           -5.0480e+00                    0
 2          1.11111111111         2.00000000000          1.32429614181           -9.2702e-01                    1
 3          1.32429614181         2.00000000000          1.39446413048            5.4528e-01                    2
 4          1.32429614181         1.39446413048          1.36847678386           -6.9890e-03                    0
 5          1.36847678386         1.39446413048          1.36880565516           -5.1742e-05                    1
 6          1.36880565516         1.39446413048          1.36881052371            5.0966e-05                    2
 7          1.36880565516         1.36881052371          1.36880810782           -3.6184e-11                    0
 8          1.36880810782         1.36881052371          1.36880810782            0.0000e+00                    1

Final x:  1.3688081078 f(x): 0.0000000000 iter_count = 8 Abs_Error: 1.72e-12
-----------------------------------------------------------------------------------------------------------------------
-----------------------------------------------------------------------------------------------------------------------
Secant method with bounds :[0,2] and tolerance 1e-06.

 n                     p0                    p1                  new_x              f(new_x)
 1           0.0000000000          2.0000000000           1.1111111111           -5.0480e+00
 2           2.0000000000          1.1111111111           1.3242961418           -9.2702e-01
 3           1.1111111111          1.3242961418           1.3722522788            7.2731e-02
 4           1.3242961418          1.3722522788           1.3687635042           -9.4095e-04
 5           1.3722522788          1.3687635042           1.3688080634           -9.3768e-07
 6           1.3687635042          1.3688080634           1.3688081078            1.2108e-11

Final x:  1.3688081078 f(x): 0.0000000000 iter_count = 6 Abs_Error: 4.44e-08
-----------------------------------------------------------------------------------------------------------------------
-----------------------------------------------------------------------------------------------------------------------
Newtons method with bounds :[0,2] and tolerance 1e-06.

 1           0.0000000000          2.0000000000            1.6000e+01
 2           2.0000000000          1.4666666667            2.1239e+00
 3           1.4666666667          1.3715120138            5.7087e-02
 4           1.3715120138          1.3688102226            4.4614e-05
 5           1.3688102226          1.3688081078            2.7313e-11
 6           1.3688081078          1.3688081078            0.0000e+00

Final x:  1.3688081078 f(x): 0.0000000000 iter_count = 6 Abs_Error: 1.29e-12
-----------------------------------------------------------------------------------------------------------------------
-----------------------------------------------------------------------------------------------------------------------
Bisection method with bounds :[0,2] and tolerance 1e-08.

 n                    low                    up                  new_x              f(new_x)
 1           0.0000000000          2.0000000000           1.0000000000           -7.0000e+00
 2           1.0000000000          2.0000000000           1.5000000000               2.9e+00
 3           1.0000000000          1.5000000000           1.2500000000              -2.4e+00
 4           1.2500000000          1.5000000000           1.3750000000               1.3e-01
 5           1.2500000000          1.3750000000           1.3125000000              -1.2e+00
 6           1.3125000000          1.3750000000           1.3437500000              -5.2e-01
 7           1.3437500000          1.3750000000           1.3593750000              -2.0e-01
 8           1.3593750000          1.3750000000           1.3671875000              -3.4e-02
 9           1.3671875000          1.3750000000           1.3710937500               4.8e-02
10           1.3671875000          1.3710937500           1.3691406250               7.0e-03
11           1.3671875000          1.3691406250           1.3681640625              -1.4e-02
12           1.3681640625          1.3691406250           1.3686523438              -3.3e-03
13           1.3686523438          1.3691406250           1.3688964844               1.9e-03
14           1.3686523438          1.3688964844           1.3687744141              -7.1e-04
15           1.3687744141          1.3688964844           1.3688354492               5.8e-04
16           1.3687744141          1.3688354492           1.3688049316              -6.7e-05
17           1.3688049316          1.3688354492           1.3688201904               2.5e-04
18           1.3688049316          1.3688201904           1.3688125610               9.4e-05
19           1.3688049316          1.3688125610           1.3688087463               1.3e-05
20           1.3688049316          1.3688087463           1.3688068390              -2.7e-05
21           1.3688068390          1.3688087463           1.3688077927              -6.6e-06
22           1.3688077927          1.3688087463           1.3688082695               3.4e-06
23           1.3688077927          1.3688082695           1.3688080311              -1.6e-06
24           1.3688080311          1.3688082695           1.3688081503               9.0e-07
25           1.3688080311          1.3688081503           1.3688080907              -3.6e-07
26           1.3688080907          1.3688081503           1.3688081205               2.7e-07
27           1.3688080907          1.3688081205           1.3688081056              -4.7e-08
28           1.3688081056          1.3688081205           1.3688081130               1.1e-07

Final x:  1.3688081130 f(x): 0.0000001101 iter_count = 28 Abs_Error: 7.45e-09
-----------------------------------------------------------------------------------------------------------------------
-----------------------------------------------------------------------------------------------------------------------
False Position method with bounds :[0,2] and tolerance 1e-08.

 n                     p0                    p1                  new_x              f(new_x)
 1          0.00000000000         2.00000000000          1.11111111111           -5.0480e+00
 2          1.11111111111         2.00000000000          1.32429614181           -9.2702e-01
 3          1.32429614181         2.00000000000          1.36130153560           -1.5802e-01
 4          1.36130153560         2.00000000000          1.36754763625           -2.6581e-02
 5          1.36754763625         2.00000000000          1.36859660975           -4.4615e-03
 6          1.36859660975         2.00000000000          1.36877262433           -7.4856e-04
 7          1.36877262433         2.00000000000          1.36880215480           -1.2559e-04
 8          1.36880215480         2.00000000000          1.36880710909           -2.1069e-05
 9          1.36880710909         2.00000000000          1.36880794027           -3.5348e-06
10          1.36880794027         2.00000000000          1.36880807971           -5.9302e-07
11          1.36880807971         2.00000000000          1.36880810311           -9.9489e-08
12          1.36880810311         2.00000000000          1.36880810703           -1.6691e-08

Final x:  1.3688081070 f(x): -0.0000000167 iter_count = 12 Abs_Error: 3.92e-09
-----------------------------------------------------------------------------------------------------------------------
-----------------------------------------------------------------------------------------------------------------------
Modified False Position method with bounds :[0,2] and tolerance 1e-08.

 n                     p0                    p1                  new_x              f(new_x)              Counter
 1          0.00000000000         2.00000000000          1.11111111111           -5.0480e+00                    0
 2          1.11111111111         2.00000000000          1.32429614181           -9.2702e-01                    1
 3          1.32429614181         2.00000000000          1.39446413048            5.4528e-01                    2
 4          1.32429614181         1.39446413048          1.36847678386           -6.9890e-03                    0
 5          1.36847678386         1.39446413048          1.36880565516           -5.1742e-05                    1
 6          1.36880565516         1.39446413048          1.36881052371            5.0966e-05                    2
 7          1.36880565516         1.36881052371          1.36880810782           -3.6184e-11                    0
 8          1.36880810782         1.36881052371          1.36880810782            0.0000e+00                    1

Final x:  1.3688081078 f(x): 0.0000000000 iter_count = 8 Abs_Error: 1.72e-12
-----------------------------------------------------------------------------------------------------------------------
-----------------------------------------------------------------------------------------------------------------------
Secant method with bounds :[0,2] and tolerance 1e-08.

 n                     p0                    p1                  new_x              f(new_x)
 1           0.0000000000          2.0000000000           1.1111111111           -5.0480e+00
 2           2.0000000000          1.1111111111           1.3242961418           -9.2702e-01
 3           1.1111111111          1.3242961418           1.3722522788            7.2731e-02
 4           1.3242961418          1.3722522788           1.3687635042           -9.4095e-04
 5           1.3722522788          1.3687635042           1.3688080634           -9.3768e-07
 6           1.3687635042          1.3688080634           1.3688081078            1.2108e-11
 7           1.3688080634          1.3688081078           1.3688081078            0.0000e+00

Final x:  1.3688081078 f(x): 0.0000000000 iter_count = 7 Abs_Error: 5.74e-13
-----------------------------------------------------------------------------------------------------------------------
-----------------------------------------------------------------------------------------------------------------------
Newtons method with bounds :[0,2] and tolerance 1e-08.

 1           0.0000000000          2.0000000000            1.6000e+01
 2           2.0000000000          1.4666666667            2.1239e+00
 3           1.4666666667          1.3715120138            5.7087e-02
 4           1.3715120138          1.3688102226            4.4614e-05
 5           1.3688102226          1.3688081078            2.7313e-11
 6           1.3688081078          1.3688081078            0.0000e+00

Final x:  1.3688081078 f(x): 0.0000000000 iter_count = 6 Abs_Error: 1.29e-12
-----------------------------------------------------------------------------------------------------------------------
-----------------------------------------------------------------------------------------------------------------------
Bisection method with bounds :[0,2] and tolerance 1e-10.

 n                    low                    up                  new_x              f(new_x)
 1           0.0000000000          2.0000000000           1.0000000000           -7.0000e+00
 2           1.0000000000          2.0000000000           1.5000000000               2.9e+00
 3           1.0000000000          1.5000000000           1.2500000000              -2.4e+00
 4           1.2500000000          1.5000000000           1.3750000000               1.3e-01
 5           1.2500000000          1.3750000000           1.3125000000              -1.2e+00
 6           1.3125000000          1.3750000000           1.3437500000              -5.2e-01
 7           1.3437500000          1.3750000000           1.3593750000              -2.0e-01
 8           1.3593750000          1.3750000000           1.3671875000              -3.4e-02
 9           1.3671875000          1.3750000000           1.3710937500               4.8e-02
10           1.3671875000          1.3710937500           1.3691406250               7.0e-03
11           1.3671875000          1.3691406250           1.3681640625              -1.4e-02
12           1.3681640625          1.3691406250           1.3686523438              -3.3e-03
13           1.3686523438          1.3691406250           1.3688964844               1.9e-03
14           1.3686523438          1.3688964844           1.3687744141              -7.1e-04
15           1.3687744141          1.3688964844           1.3688354492               5.8e-04
16           1.3687744141          1.3688354492           1.3688049316              -6.7e-05
17           1.3688049316          1.3688354492           1.3688201904               2.5e-04
18           1.3688049316          1.3688201904           1.3688125610               9.4e-05
19           1.3688049316          1.3688125610           1.3688087463               1.3e-05
20           1.3688049316          1.3688087463           1.3688068390              -2.7e-05
21           1.3688068390          1.3688087463           1.3688077927              -6.6e-06
22           1.3688077927          1.3688087463           1.3688082695               3.4e-06
23           1.3688077927          1.3688082695           1.3688080311              -1.6e-06
24           1.3688080311          1.3688082695           1.3688081503               9.0e-07
25           1.3688080311          1.3688081503           1.3688080907              -3.6e-07
26           1.3688080907          1.3688081503           1.3688081205               2.7e-07
27           1.3688080907          1.3688081205           1.3688081056              -4.7e-08
28           1.3688081056          1.3688081205           1.3688081130               1.1e-07
29           1.3688081056          1.3688081130           1.3688081093               3.1e-08
30           1.3688081056          1.3688081093           1.3688081075              -7.8e-09
31           1.3688081075          1.3688081093           1.3688081084               1.2e-08
32           1.3688081075          1.3688081084           1.3688081079               2.0e-09
33           1.3688081075          1.3688081079           1.3688081077              -2.9e-09
34           1.3688081077          1.3688081079           1.3688081078              -4.5e-10
35           1.3688081078          1.3688081079           1.3688081079               7.7e-10

Final x:  1.3688081079 f(x): 0.0000000008 iter_count = 35 Abs_Error: 5.82e-11
-----------------------------------------------------------------------------------------------------------------------
-----------------------------------------------------------------------------------------------------------------------
False Position method with bounds :[0,2] and tolerance 1e-10.

 n                     p0                    p1                  new_x              f(new_x)
 1          0.00000000000         2.00000000000          1.11111111111           -5.0480e+00
 2          1.11111111111         2.00000000000          1.32429614181           -9.2702e-01
 3          1.32429614181         2.00000000000          1.36130153560           -1.5802e-01
 4          1.36130153560         2.00000000000          1.36754763625           -2.6581e-02
 5          1.36754763625         2.00000000000          1.36859660975           -4.4615e-03
 6          1.36859660975         2.00000000000          1.36877262433           -7.4856e-04
 7          1.36877262433         2.00000000000          1.36880215480           -1.2559e-04
 8          1.36880215480         2.00000000000          1.36880710909           -2.1069e-05
 9          1.36880710909         2.00000000000          1.36880794027           -3.5348e-06
10          1.36880794027         2.00000000000          1.36880807971           -5.9302e-07
11          1.36880807971         2.00000000000          1.36880810311           -9.9489e-08
12          1.36880810311         2.00000000000          1.36880810703           -1.6691e-08
13          1.36880810703         2.00000000000          1.36880810769           -2.8002e-09
14          1.36880810769         2.00000000000          1.36880810780           -4.6979e-10
15          1.36880810780         2.00000000000          1.36880810782           -7.8813e-11

Final x:  1.3688081078 f(x): -0.0000000001 iter_count = 15 Abs_Error: 1.85e-11
-----------------------------------------------------------------------------------------------------------------------
-----------------------------------------------------------------------------------------------------------------------
Modified False Position method with bounds :[0,2] and tolerance 1e-10.

 n                     p0                    p1                  new_x              f(new_x)              Counter
 1          0.00000000000         2.00000000000          1.11111111111           -5.0480e+00                    0
 2          1.11111111111         2.00000000000          1.32429614181           -9.2702e-01                    1
 3          1.32429614181         2.00000000000          1.39446413048            5.4528e-01                    2
 4          1.32429614181         1.39446413048          1.36847678386           -6.9890e-03                    0
 5          1.36847678386         1.39446413048          1.36880565516           -5.1742e-05                    1
 6          1.36880565516         1.39446413048          1.36881052371            5.0966e-05                    2
 7          1.36880565516         1.36881052371          1.36880810782           -3.6184e-11                    0
 8          1.36880810782         1.36881052371          1.36880810782            0.0000e+00                    1

Final x:  1.3688081078 f(x): 0.0000000000 iter_count = 8 Abs_Error: 1.72e-12
-----------------------------------------------------------------------------------------------------------------------
-----------------------------------------------------------------------------------------------------------------------
Secant method with bounds :[0,2] and tolerance 1e-10.

 n                     p0                    p1                  new_x              f(new_x)
 1           0.0000000000          2.0000000000           1.1111111111           -5.0480e+00
 2           2.0000000000          1.1111111111           1.3242961418           -9.2702e-01
 3           1.1111111111          1.3242961418           1.3722522788            7.2731e-02
 4           1.3242961418          1.3722522788           1.3687635042           -9.4095e-04
 5           1.3722522788          1.3687635042           1.3688080634           -9.3768e-07
 6           1.3687635042          1.3688080634           1.3688081078            1.2108e-11
 7           1.3688080634          1.3688081078           1.3688081078            0.0000e+00

Final x:  1.3688081078 f(x): 0.0000000000 iter_count = 7 Abs_Error: 5.74e-13
-----------------------------------------------------------------------------------------------------------------------
-----------------------------------------------------------------------------------------------------------------------
Newtons method with bounds :[0,2] and tolerance 1e-10.

 1           0.0000000000          2.0000000000            1.6000e+01
 2           2.0000000000          1.4666666667            2.1239e+00
 3           1.4666666667          1.3715120138            5.7087e-02
 4           1.3715120138          1.3688102226            4.4614e-05
 5           1.3688102226          1.3688081078            2.7313e-11
 6           1.3688081078          1.3688081078            0.0000e+00

Final x:  1.3688081078 f(x): 0.0000000000 iter_count = 6 Abs_Error: 1.29e-12
-----------------------------------------------------------------------------------------------------------------------
-----------------------------------------------------------------------------------------------------------------------
Bisection method with bounds :[0,10] and tolerance 1e-06.

 n                    low                    up                  new_x              f(new_x)
 1           0.0000000000         10.0000000000           5.0000000000            2.0500e+02
 2           0.0000000000          5.0000000000           2.5000000000               3.3e+01
 3           0.0000000000          2.5000000000           1.2500000000              -2.4e+00
 4           1.2500000000          2.5000000000           1.8750000000               1.2e+01
 5           1.2500000000          1.8750000000           1.5625000000               4.3e+00
 6           1.2500000000          1.5625000000           1.4062500000               8.0e-01
 7           1.2500000000          1.4062500000           1.3281250000              -8.5e-01
 8           1.3281250000          1.4062500000           1.3671875000              -3.4e-02
 9           1.3671875000          1.4062500000           1.3867187500               3.8e-01
10           1.3671875000          1.3867187500           1.3769531250               1.7e-01
11           1.3671875000          1.3769531250           1.3720703125               6.9e-02
12           1.3671875000          1.3720703125           1.3696289062               1.7e-02
13           1.3671875000          1.3696289062           1.3684082031              -8.4e-03
14           1.3684082031          1.3696289062           1.3690185547               4.4e-03
15           1.3684082031          1.3690185547           1.3687133789              -2.0e-03
16           1.3687133789          1.3690185547           1.3688659668               1.2e-03
17           1.3687133789          1.3688659668           1.3687896729              -3.9e-04
18           1.3687896729          1.3688659668           1.3688278198               4.2e-04
19           1.3687896729          1.3688278198           1.3688087463               1.3e-05
20           1.3687896729          1.3688087463           1.3687992096              -1.9e-04
21           1.3687992096          1.3688087463           1.3688039780              -8.7e-05
22           1.3688039780          1.3688087463           1.3688063622              -3.7e-05
23           1.3688063622          1.3688087463           1.3688075542              -1.2e-05
24           1.3688075542          1.3688087463           1.3688081503               9.0e-07

Final x:  1.3688081503 f(x): 0.0000008960 iter_count = 24 Abs_Error: 5.96e-07
-----------------------------------------------------------------------------------------------------------------------
-----------------------------------------------------------------------------------------------------------------------
False Position method with bounds :[0,10] and tolerance 1e-06.

 n                     p0                    p1                  new_x              f(new_x)
 1          0.00000000000        10.00000000000          0.15384615385           -1.8411e+01
 2          0.15384615385        10.00000000000          0.29345777618           -1.6868e+01
 3          0.29345777618        10.00000000000          0.41970743641           -1.5377e+01
 4          0.41970743641        10.00000000000          0.53342966891           -1.3945e+01
 5          0.53342966891        10.00000000000          0.63545074816           -1.2581e+01
 6          0.63545074816        10.00000000000          0.72660032438           -1.1294e+01
 7          0.72660032438        10.00000000000          0.80771145180           -1.0091e+01
 8          0.80771145180        10.00000000000          0.87961387366           -8.9758e+00
 9          0.87961387366        10.00000000000          0.94312411754           -7.9509e+00
10          0.94312411754        10.00000000000          0.99903487576           -7.0164e+00
11          0.99903487576        10.00000000000          1.04810526343           -6.1705e+00
12          1.04810526343        10.00000000000          1.09105285197           -5.4099e+00
13          1.09105285197        10.00000000000          1.12854786093           -4.7299e+00
14          1.12854786093        10.00000000000          1.16120953539           -4.1253e+00
15          1.16120953539        10.00000000000          1.18960451585           -3.5902e+00
16          1.18960451585        10.00000000000          1.21424688959           -3.1185e+00
17          1.21424688959        10.00000000000          1.23559957046           -2.7042e+00
18          1.23559957046        10.00000000000          1.25407665942           -2.3415e+00
19          1.25407665942        10.00000000000          1.27004647349           -2.0249e+00
20          1.27004647349        10.00000000000          1.28383497871           -1.7491e+00
21          1.28383497871        10.00000000000          1.29572941539           -1.5095e+00
22          1.29572941539        10.00000000000          1.30598195316           -1.3015e+00
23          1.30598195316        10.00000000000          1.31481325780           -1.1214e+00
24          1.31481325780        10.00000000000          1.32241588829           -9.6565e-01
25          1.32241588829        10.00000000000          1.32895747246           -8.3106e-01
26          1.32895747246        10.00000000000          1.33458363210           -7.1489e-01
27          1.33458363210        10.00000000000          1.33942064585           -6.1471e-01
28          1.33942064585        10.00000000000          1.34357785015           -5.2839e-01
29          1.34357785015        10.00000000000          1.34714978694           -4.5405e-01
30          1.34714978694        10.00000000000          1.35021811255           -3.9007e-01
31          1.35021811255        10.00000000000          1.35285328491           -3.3503e-01
32          1.35285328491        10.00000000000          1.35511604816           -2.8771e-01
33          1.35511604816        10.00000000000          1.35705873408           -2.4703e-01
34          1.35705873408        10.00000000000          1.35872639908           -2.1207e-01
35          1.35872639908        10.00000000000          1.36015781503           -1.8203e-01
36          1.36015781503        10.00000000000          1.36138633050           -1.5623e-01
37          1.36138633050        10.00000000000          1.36244061817           -1.3408e-01
38          1.36244061817        10.00000000000          1.36334532207           -1.1506e-01
39          1.36334532207        10.00000000000          1.36412161753           -9.8733e-02
40          1.36412161753        10.00000000000          1.36478769489           -8.4717e-02
41          1.36478769489        10.00000000000          1.36535917694           -7.2687e-02
42          1.36535917694        10.00000000000          1.36584947885           -6.2362e-02
43          1.36584947885        10.00000000000          1.36627011837           -5.3502e-02
44          1.36627011837        10.00000000000          1.36663098282           -4.5900e-02
45          1.36663098282        10.00000000000          1.36694055893           -3.9377e-02
46          1.36694055893        10.00000000000          1.36720613051           -3.3780e-02
47          1.36720613051        10.00000000000          1.36743394845           -2.8978e-02
48          1.36743394845        10.00000000000          1.36762937675           -2.4858e-02
49          1.36762937675        10.00000000000          1.36779701812           -2.1324e-02
50          1.36779701812        10.00000000000          1.36794082181           -1.8292e-02
51          1.36794082181        10.00000000000          1.36806417618           -1.5691e-02
52          1.36806417618        10.00000000000          1.36816998829           -1.3459e-02
53          1.36816998829        10.00000000000          1.36826075219           -1.1545e-02
54          1.36826075219        10.00000000000          1.36833860750           -9.9033e-03
55          1.36833860750        10.00000000000          1.36840538973           -8.4948e-03
56          1.36840538973        10.00000000000          1.36846267351           -7.2866e-03
57          1.36846267351        10.00000000000          1.36851180962           -6.2502e-03
58          1.36851180962        10.00000000000          1.36855395678           -5.3612e-03
59          1.36855395678        10.00000000000          1.36859010898           -4.5986e-03
60          1.36859010898        10.00000000000          1.36862111885           -3.9445e-03
61          1.36862111885        10.00000000000          1.36864771779           -3.3835e-03
62          1.36864771779        10.00000000000          1.36867053318           -2.9022e-03
63          1.36867053318        10.00000000000          1.36869010318           -2.4894e-03
64          1.36869010318        10.00000000000          1.36870688941           -2.1353e-03
65          1.36870688941        10.00000000000          1.36872128783           -1.8315e-03
66          1.36872128783        10.00000000000          1.36873363810           -1.5710e-03
67          1.36873363810        10.00000000000          1.36874423155           -1.3475e-03
68          1.36874423155        10.00000000000          1.36875331808           -1.1558e-03
69          1.36875331808        10.00000000000          1.36876111205           -9.9142e-04
70          1.36876111205        10.00000000000          1.36876779731           -8.5039e-04
71          1.36876779731        10.00000000000          1.36877353159           -7.2942e-04
72          1.36877353159        10.00000000000          1.36877845016           -6.2566e-04
73          1.36877845016        10.00000000000          1.36878266905           -5.3666e-04
74          1.36878266905        10.00000000000          1.36878628779           -4.6032e-04
75          1.36878628779        10.00000000000          1.36878939176           -3.9483e-04
76          1.36878939176        10.00000000000          1.36879205418           -3.3867e-04
77          1.36879205418        10.00000000000          1.36879433787           -2.9049e-04
78          1.36879433787        10.00000000000          1.36879629669           -2.4917e-04
79          1.36879629669        10.00000000000          1.36879797686           -2.1372e-04
80          1.36879797686        10.00000000000          1.36879941803           -1.8332e-04
81          1.36879941803        10.00000000000          1.36880065418           -1.5724e-04
82          1.36880065418        10.00000000000          1.36880171449           -1.3487e-04
83          1.36880171449        10.00000000000          1.36880262396           -1.1569e-04

Final x:  1.3688026240 f(x): -0.0001156881 iter_count = 83 Abs_Error: 9.09e-07
-----------------------------------------------------------------------------------------------------------------------
-----------------------------------------------------------------------------------------------------------------------
Modified False Position method with bounds :[0,10] and tolerance 1e-06.

 n                     p0                    p1                  new_x              f(new_x)              Counter
 1          0.00000000000        10.00000000000          0.15384615385           -1.8411e+01                    0
 2          0.15384615385        10.00000000000          0.29345777618           -1.6868e+01                    1
 3          0.29345777618        10.00000000000          0.54271509236           -1.3824e+01                    2
 4          0.54271509236        10.00000000000          0.93434891346           -8.0948e+00                    3
 5          0.93434891346        10.00000000000          1.37091590993            4.4494e-02                    4
 6          0.93434891346         1.37091590993          1.36852940725           -5.8790e-03                    0
 7          1.36852940725         1.37091590993          1.36880793782           -3.5864e-06                    1
 8          1.36880793782         1.37091590993          1.36880827759            3.5814e-06                    2

Final x:  1.3688082776 f(x): 0.0000035814 iter_count = 8 Abs_Error: 3.40e-07
-----------------------------------------------------------------------------------------------------------------------
-----------------------------------------------------------------------------------------------------------------------
Secant method with bounds :[0,10] and tolerance 1e-06.

 n                     p0                    p1                  new_x              f(new_x)
 1           0.0000000000         10.0000000000           0.1538461538           -1.8411e+01
 2          10.0000000000          0.1538461538           0.2934577762           -1.6868e+01
 3           0.1538461538          0.2934577762           1.8200293309            1.0854e+01
 4           0.2934577762          1.8200293309           1.2223230809           -2.9624e+00
 5           1.8200293309          1.2223230809           1.3504761996           -3.8469e-01
 6           1.2223230809          1.3504761996           1.3696013442            1.6738e-02
 7           1.3504761996          1.3696013442           1.3688038894           -8.8992e-05
 8           1.3696013442          1.3688038894           1.3688081069           -2.0431e-08
 9           1.3688038894          1.3688081069           1.3688081078            2.4869e-14

Final x:  1.3688081078 f(x): 0.0000000000 iter_count = 9 Abs_Error: 9.68e-10
-----------------------------------------------------------------------------------------------------------------------
-----------------------------------------------------------------------------------------------------------------------
Newtons method with bounds :[0,10] and tolerance 1e-06.

 1           0.0000000000          2.0000000000            1.6000e+01
 2           2.0000000000          1.4666666667            2.1239e+00
 3           1.4666666667          1.3715120138            5.7087e-02
 4           1.3715120138          1.3688102226            4.4614e-05
 5           1.3688102226          1.3688081078            2.7313e-11
 6           1.3688081078          1.3688081078            0.0000e+00

Final x:  1.3688081078 f(x): 0.0000000000 iter_count = 6 Abs_Error: 1.29e-12
-----------------------------------------------------------------------------------------------------------------------
-----------------------------------------------------------------------------------------------------------------------
Bisection method with bounds :[0,10] and tolerance 1e-08.

 n                    low                    up                  new_x              f(new_x)
 1           0.0000000000         10.0000000000           5.0000000000            2.0500e+02
 2           0.0000000000          5.0000000000           2.5000000000               3.3e+01
 3           0.0000000000          2.5000000000           1.2500000000              -2.4e+00
 4           1.2500000000          2.5000000000           1.8750000000               1.2e+01
 5           1.2500000000          1.8750000000           1.5625000000               4.3e+00
 6           1.2500000000          1.5625000000           1.4062500000               8.0e-01
 7           1.2500000000          1.4062500000           1.3281250000              -8.5e-01
 8           1.3281250000          1.4062500000           1.3671875000              -3.4e-02
 9           1.3671875000          1.4062500000           1.3867187500               3.8e-01
10           1.3671875000          1.3867187500           1.3769531250               1.7e-01
11           1.3671875000          1.3769531250           1.3720703125               6.9e-02
12           1.3671875000          1.3720703125           1.3696289062               1.7e-02
13           1.3671875000          1.3696289062           1.3684082031              -8.4e-03
14           1.3684082031          1.3696289062           1.3690185547               4.4e-03
15           1.3684082031          1.3690185547           1.3687133789              -2.0e-03
16           1.3687133789          1.3690185547           1.3688659668               1.2e-03
17           1.3687133789          1.3688659668           1.3687896729              -3.9e-04
18           1.3687896729          1.3688659668           1.3688278198               4.2e-04
19           1.3687896729          1.3688278198           1.3688087463               1.3e-05
20           1.3687896729          1.3688087463           1.3687992096              -1.9e-04
21           1.3687992096          1.3688087463           1.3688039780              -8.7e-05
22           1.3688039780          1.3688087463           1.3688063622              -3.7e-05
23           1.3688063622          1.3688087463           1.3688075542              -1.2e-05
24           1.3688075542          1.3688087463           1.3688081503               9.0e-07
25           1.3688075542          1.3688081503           1.3688078523              -5.4e-06
26           1.3688078523          1.3688081503           1.3688080013              -2.2e-06
27           1.3688080013          1.3688081503           1.3688080758              -6.8e-07
28           1.3688080758          1.3688081503           1.3688081130               1.1e-07
29           1.3688080758          1.3688081130           1.3688080944              -2.8e-07
30           1.3688080944          1.3688081130           1.3688081037              -8.6e-08

Final x:  1.3688081037 f(x): -0.0000000864 iter_count = 30 Abs_Error: 9.31e-09
-----------------------------------------------------------------------------------------------------------------------
-----------------------------------------------------------------------------------------------------------------------
False Position method with bounds :[0,10] and tolerance 1e-08.

 n                     p0                    p1                  new_x              f(new_x)
 1          0.00000000000        10.00000000000          0.15384615385           -1.8411e+01
 2          0.15384615385        10.00000000000          0.29345777618           -1.6868e+01
 3          0.29345777618        10.00000000000          0.41970743641           -1.5377e+01
 4          0.41970743641        10.00000000000          0.53342966891           -1.3945e+01
 5          0.53342966891        10.00000000000          0.63545074816           -1.2581e+01
 6          0.63545074816        10.00000000000          0.72660032438           -1.1294e+01
 7          0.72660032438        10.00000000000          0.80771145180           -1.0091e+01
 8          0.80771145180        10.00000000000          0.87961387366           -8.9758e+00
 9          0.87961387366        10.00000000000          0.94312411754           -7.9509e+00
10          0.94312411754        10.00000000000          0.99903487576           -7.0164e+00
11          0.99903487576        10.00000000000          1.04810526343           -6.1705e+00
12          1.04810526343        10.00000000000          1.09105285197           -5.4099e+00
13          1.09105285197        10.00000000000          1.12854786093           -4.7299e+00
14          1.12854786093        10.00000000000          1.16120953539           -4.1253e+00
15          1.16120953539        10.00000000000          1.18960451585           -3.5902e+00
16          1.18960451585        10.00000000000          1.21424688959           -3.1185e+00
17          1.21424688959        10.00000000000          1.23559957046           -2.7042e+00
18          1.23559957046        10.00000000000          1.25407665942           -2.3415e+00
19          1.25407665942        10.00000000000          1.27004647349           -2.0249e+00
20          1.27004647349        10.00000000000          1.28383497871           -1.7491e+00
21          1.28383497871        10.00000000000          1.29572941539           -1.5095e+00
22          1.29572941539        10.00000000000          1.30598195316           -1.3015e+00
23          1.30598195316        10.00000000000          1.31481325780           -1.1214e+00
24          1.31481325780        10.00000000000          1.32241588829           -9.6565e-01
25          1.32241588829        10.00000000000          1.32895747246           -8.3106e-01
26          1.32895747246        10.00000000000          1.33458363210           -7.1489e-01
27          1.33458363210        10.00000000000          1.33942064585           -6.1471e-01
28          1.33942064585        10.00000000000          1.34357785015           -5.2839e-01
29          1.34357785015        10.00000000000          1.34714978694           -4.5405e-01
30          1.34714978694        10.00000000000          1.35021811255           -3.9007e-01
31          1.35021811255        10.00000000000          1.35285328491           -3.3503e-01
32          1.35285328491        10.00000000000          1.35511604816           -2.8771e-01
33          1.35511604816        10.00000000000          1.35705873408           -2.4703e-01
34          1.35705873408        10.00000000000          1.35872639908           -2.1207e-01
35          1.35872639908        10.00000000000          1.36015781503           -1.8203e-01
36          1.36015781503        10.00000000000          1.36138633050           -1.5623e-01
37          1.36138633050        10.00000000000          1.36244061817           -1.3408e-01
38          1.36244061817        10.00000000000          1.36334532207           -1.1506e-01
39          1.36334532207        10.00000000000          1.36412161753           -9.8733e-02
40          1.36412161753        10.00000000000          1.36478769489           -8.4717e-02
41          1.36478769489        10.00000000000          1.36535917694           -7.2687e-02
42          1.36535917694        10.00000000000          1.36584947885           -6.2362e-02
43          1.36584947885        10.00000000000          1.36627011837           -5.3502e-02
44          1.36627011837        10.00000000000          1.36663098282           -4.5900e-02
45          1.36663098282        10.00000000000          1.36694055893           -3.9377e-02
46          1.36694055893        10.00000000000          1.36720613051           -3.3780e-02
47          1.36720613051        10.00000000000          1.36743394845           -2.8978e-02
48          1.36743394845        10.00000000000          1.36762937675           -2.4858e-02
49          1.36762937675        10.00000000000          1.36779701812           -2.1324e-02
50          1.36779701812        10.00000000000          1.36794082181           -1.8292e-02
51          1.36794082181        10.00000000000          1.36806417618           -1.5691e-02
52          1.36806417618        10.00000000000          1.36816998829           -1.3459e-02
53          1.36816998829        10.00000000000          1.36826075219           -1.1545e-02
54          1.36826075219        10.00000000000          1.36833860750           -9.9033e-03
55          1.36833860750        10.00000000000          1.36840538973           -8.4948e-03
56          1.36840538973        10.00000000000          1.36846267351           -7.2866e-03
57          1.36846267351        10.00000000000          1.36851180962           -6.2502e-03
58          1.36851180962        10.00000000000          1.36855395678           -5.3612e-03
59          1.36855395678        10.00000000000          1.36859010898           -4.5986e-03
60          1.36859010898        10.00000000000          1.36862111885           -3.9445e-03
61          1.36862111885        10.00000000000          1.36864771779           -3.3835e-03
62          1.36864771779        10.00000000000          1.36867053318           -2.9022e-03
63          1.36867053318        10.00000000000          1.36869010318           -2.4894e-03
64          1.36869010318        10.00000000000          1.36870688941           -2.1353e-03
65          1.36870688941        10.00000000000          1.36872128783           -1.8315e-03
66          1.36872128783        10.00000000000          1.36873363810           -1.5710e-03
67          1.36873363810        10.00000000000          1.36874423155           -1.3475e-03
68          1.36874423155        10.00000000000          1.36875331808           -1.1558e-03
69          1.36875331808        10.00000000000          1.36876111205           -9.9142e-04
70          1.36876111205        10.00000000000          1.36876779731           -8.5039e-04
71          1.36876779731        10.00000000000          1.36877353159           -7.2942e-04
72          1.36877353159        10.00000000000          1.36877845016           -6.2566e-04
73          1.36877845016        10.00000000000          1.36878266905           -5.3666e-04
74          1.36878266905        10.00000000000          1.36878628779           -4.6032e-04
75          1.36878628779        10.00000000000          1.36878939176           -3.9483e-04
76          1.36878939176        10.00000000000          1.36879205418           -3.3867e-04
77          1.36879205418        10.00000000000          1.36879433787           -2.9049e-04
78          1.36879433787        10.00000000000          1.36879629669           -2.4917e-04
79          1.36879629669        10.00000000000          1.36879797686           -2.1372e-04
80          1.36879797686        10.00000000000          1.36879941803           -1.8332e-04
81          1.36879941803        10.00000000000          1.36880065418           -1.5724e-04
82          1.36880065418        10.00000000000          1.36880171449           -1.3487e-04
83          1.36880171449        10.00000000000          1.36880262396           -1.1569e-04
84          1.36880262396        10.00000000000          1.36880340406           -9.9231e-05
85          1.36880340406        10.00000000000          1.36880407319           -8.5115e-05
86          1.36880407319        10.00000000000          1.36880464713           -7.3007e-05
87          1.36880464713        10.00000000000          1.36880513943           -6.2622e-05
88          1.36880513943        10.00000000000          1.36880556169           -5.3713e-05
89          1.36880556169        10.00000000000          1.36880592389           -4.6073e-05
90          1.36880592389        10.00000000000          1.36880623456           -3.9519e-05
91          1.36880623456        10.00000000000          1.36880650104           -3.3897e-05
92          1.36880650104        10.00000000000          1.36880672961           -2.9075e-05
93          1.36880672961        10.00000000000          1.36880692567           -2.4939e-05
94          1.36880692567        10.00000000000          1.36880709383           -2.1391e-05
95          1.36880709383        10.00000000000          1.36880723808           -1.8348e-05
96          1.36880723808        10.00000000000          1.36880736180           -1.5738e-05
97          1.36880736180        10.00000000000          1.36880746792           -1.3499e-05
98          1.36880746792        10.00000000000          1.36880755895           -1.1579e-05
99          1.36880755895        10.00000000000          1.36880763703           -9.9319e-06
100          1.36880763703        10.00000000000          1.36880770400           -8.5190e-06
101          1.36880770400        10.00000000000          1.36880776145           -7.3072e-06

Final x:  1.3688077614 f(x): -0.0000073072 iter_count = 101 Abs_Error: 5.74e-08
-----------------------------------------------------------------------------------------------------------------------
-----------------------------------------------------------------------------------------------------------------------
Modified False Position method with bounds :[0,10] and tolerance 1e-08.

 n                     p0                    p1                  new_x              f(new_x)              Counter
 1          0.00000000000        10.00000000000          0.15384615385           -1.8411e+01                    0
 2          0.15384615385        10.00000000000          0.29345777618           -1.6868e+01                    1
 3          0.29345777618        10.00000000000          0.54271509236           -1.3824e+01                    2
 4          0.54271509236        10.00000000000          0.93434891346           -8.0948e+00                    3
 5          0.93434891346        10.00000000000          1.37091590993            4.4494e-02                    4
 6          0.93434891346         1.37091590993          1.36852940725           -5.8790e-03                    0
 7          1.36852940725         1.37091590993          1.36880793782           -3.5864e-06                    1
 8          1.36880793782         1.37091590993          1.36880827759            3.5814e-06                    2
 9          1.36880793782         1.36880827759          1.36880810782           -1.7764e-13                    0
10          1.36880810782         1.36880827759          1.36880810782            0.0000e+00                    1

Final x:  1.3688081078 f(x): 0.0000000000 iter_count = 10 Abs_Error: 8.44e-15
-----------------------------------------------------------------------------------------------------------------------
-----------------------------------------------------------------------------------------------------------------------
Secant method with bounds :[0,10] and tolerance 1e-08.

 n                     p0                    p1                  new_x              f(new_x)
 1           0.0000000000         10.0000000000           0.1538461538           -1.8411e+01
 2          10.0000000000          0.1538461538           0.2934577762           -1.6868e+01
 3           0.1538461538          0.2934577762           1.8200293309            1.0854e+01
 4           0.2934577762          1.8200293309           1.2223230809           -2.9624e+00
 5           1.8200293309          1.2223230809           1.3504761996           -3.8469e-01
 6           1.2223230809          1.3504761996           1.3696013442            1.6738e-02
 7           1.3504761996          1.3696013442           1.3688038894           -8.8992e-05
 8           1.3696013442          1.3688038894           1.3688081069           -2.0431e-08
 9           1.3688038894          1.3688081069           1.3688081078            2.4869e-14

Final x:  1.3688081078 f(x): 0.0000000000 iter_count = 9 Abs_Error: 9.68e-10
-----------------------------------------------------------------------------------------------------------------------
-----------------------------------------------------------------------------------------------------------------------
Newtons method with bounds :[0,10] and tolerance 1e-08.

 1           0.0000000000          2.0000000000            1.6000e+01
 2           2.0000000000          1.4666666667            2.1239e+00
 3           1.4666666667          1.3715120138            5.7087e-02
 4           1.3715120138          1.3688102226            4.4614e-05
 5           1.3688102226          1.3688081078            2.7313e-11
 6           1.3688081078          1.3688081078            0.0000e+00

Final x:  1.3688081078 f(x): 0.0000000000 iter_count = 6 Abs_Error: 1.29e-12
-----------------------------------------------------------------------------------------------------------------------
-----------------------------------------------------------------------------------------------------------------------
Bisection method with bounds :[0,10] and tolerance 1e-10.

 n                    low                    up                  new_x              f(new_x)
 1           0.0000000000         10.0000000000           5.0000000000            2.0500e+02
 2           0.0000000000          5.0000000000           2.5000000000               3.3e+01
 3           0.0000000000          2.5000000000           1.2500000000              -2.4e+00
 4           1.2500000000          2.5000000000           1.8750000000               1.2e+01
 5           1.2500000000          1.8750000000           1.5625000000               4.3e+00
 6           1.2500000000          1.5625000000           1.4062500000               8.0e-01
 7           1.2500000000          1.4062500000           1.3281250000              -8.5e-01
 8           1.3281250000          1.4062500000           1.3671875000              -3.4e-02
 9           1.3671875000          1.4062500000           1.3867187500               3.8e-01
10           1.3671875000          1.3867187500           1.3769531250               1.7e-01
11           1.3671875000          1.3769531250           1.3720703125               6.9e-02
12           1.3671875000          1.3720703125           1.3696289062               1.7e-02
13           1.3671875000          1.3696289062           1.3684082031              -8.4e-03
14           1.3684082031          1.3696289062           1.3690185547               4.4e-03
15           1.3684082031          1.3690185547           1.3687133789              -2.0e-03
16           1.3687133789          1.3690185547           1.3688659668               1.2e-03
17           1.3687133789          1.3688659668           1.3687896729              -3.9e-04
18           1.3687896729          1.3688659668           1.3688278198               4.2e-04
19           1.3687896729          1.3688278198           1.3688087463               1.3e-05
20           1.3687896729          1.3688087463           1.3687992096              -1.9e-04
21           1.3687992096          1.3688087463           1.3688039780              -8.7e-05
22           1.3688039780          1.3688087463           1.3688063622              -3.7e-05
23           1.3688063622          1.3688087463           1.3688075542              -1.2e-05
24           1.3688075542          1.3688087463           1.3688081503               9.0e-07
25           1.3688075542          1.3688081503           1.3688078523              -5.4e-06
26           1.3688078523          1.3688081503           1.3688080013              -2.2e-06
27           1.3688080013          1.3688081503           1.3688080758              -6.8e-07
28           1.3688080758          1.3688081503           1.3688081130               1.1e-07
29           1.3688080758          1.3688081130           1.3688080944              -2.8e-07
30           1.3688080944          1.3688081130           1.3688081037              -8.6e-08
31           1.3688081037          1.3688081130           1.3688081084               1.2e-08
32           1.3688081037          1.3688081084           1.3688081061              -3.7e-08
33           1.3688081061          1.3688081084           1.3688081072              -1.3e-08
34           1.3688081072          1.3688081084           1.3688081078              -4.5e-10
35           1.3688081078          1.3688081084           1.3688081081               5.7e-09
36           1.3688081078          1.3688081081           1.3688081079               2.6e-09
37           1.3688081078          1.3688081079           1.3688081079               1.1e-09

Final x:  1.3688081079 f(x): 0.0000000011 iter_count = 37 Abs_Error: 7.28e-11
-----------------------------------------------------------------------------------------------------------------------
-----------------------------------------------------------------------------------------------------------------------
False Position method with bounds :[0,10] and tolerance 1e-10.

 n                     p0                    p1                  new_x              f(new_x)
 1          0.00000000000        10.00000000000          0.15384615385           -1.8411e+01
 2          0.15384615385        10.00000000000          0.29345777618           -1.6868e+01
 3          0.29345777618        10.00000000000          0.41970743641           -1.5377e+01
 4          0.41970743641        10.00000000000          0.53342966891           -1.3945e+01
 5          0.53342966891        10.00000000000          0.63545074816           -1.2581e+01
 6          0.63545074816        10.00000000000          0.72660032438           -1.1294e+01
 7          0.72660032438        10.00000000000          0.80771145180           -1.0091e+01
 8          0.80771145180        10.00000000000          0.87961387366           -8.9758e+00
 9          0.87961387366        10.00000000000          0.94312411754           -7.9509e+00
10          0.94312411754        10.00000000000          0.99903487576           -7.0164e+00
11          0.99903487576        10.00000000000          1.04810526343           -6.1705e+00
12          1.04810526343        10.00000000000          1.09105285197           -5.4099e+00
13          1.09105285197        10.00000000000          1.12854786093           -4.7299e+00
14          1.12854786093        10.00000000000          1.16120953539           -4.1253e+00
15          1.16120953539        10.00000000000          1.18960451585           -3.5902e+00
16          1.18960451585        10.00000000000          1.21424688959           -3.1185e+00
17          1.21424688959        10.00000000000          1.23559957046           -2.7042e+00
18          1.23559957046        10.00000000000          1.25407665942           -2.3415e+00
19          1.25407665942        10.00000000000          1.27004647349           -2.0249e+00
20          1.27004647349        10.00000000000          1.28383497871           -1.7491e+00
21          1.28383497871        10.00000000000          1.29572941539           -1.5095e+00
22          1.29572941539        10.00000000000          1.30598195316           -1.3015e+00
23          1.30598195316        10.00000000000          1.31481325780           -1.1214e+00
24          1.31481325780        10.00000000000          1.32241588829           -9.6565e-01
25          1.32241588829        10.00000000000          1.32895747246           -8.3106e-01
26          1.32895747246        10.00000000000          1.33458363210           -7.1489e-01
27          1.33458363210        10.00000000000          1.33942064585           -6.1471e-01
28          1.33942064585        10.00000000000          1.34357785015           -5.2839e-01
29          1.34357785015        10.00000000000          1.34714978694           -4.5405e-01
30          1.34714978694        10.00000000000          1.35021811255           -3.9007e-01
31          1.35021811255        10.00000000000          1.35285328491           -3.3503e-01
32          1.35285328491        10.00000000000          1.35511604816           -2.8771e-01
33          1.35511604816        10.00000000000          1.35705873408           -2.4703e-01
34          1.35705873408        10.00000000000          1.35872639908           -2.1207e-01
35          1.35872639908        10.00000000000          1.36015781503           -1.8203e-01
36          1.36015781503        10.00000000000          1.36138633050           -1.5623e-01
37          1.36138633050        10.00000000000          1.36244061817           -1.3408e-01
38          1.36244061817        10.00000000000          1.36334532207           -1.1506e-01
39          1.36334532207        10.00000000000          1.36412161753           -9.8733e-02
40          1.36412161753        10.00000000000          1.36478769489           -8.4717e-02
41          1.36478769489        10.00000000000          1.36535917694           -7.2687e-02
42          1.36535917694        10.00000000000          1.36584947885           -6.2362e-02
43          1.36584947885        10.00000000000          1.36627011837           -5.3502e-02
44          1.36627011837        10.00000000000          1.36663098282           -4.5900e-02
45          1.36663098282        10.00000000000          1.36694055893           -3.9377e-02
46          1.36694055893        10.00000000000          1.36720613051           -3.3780e-02
47          1.36720613051        10.00000000000          1.36743394845           -2.8978e-02
48          1.36743394845        10.00000000000          1.36762937675           -2.4858e-02
49          1.36762937675        10.00000000000          1.36779701812           -2.1324e-02
50          1.36779701812        10.00000000000          1.36794082181           -1.8292e-02
51          1.36794082181        10.00000000000          1.36806417618           -1.5691e-02
52          1.36806417618        10.00000000000          1.36816998829           -1.3459e-02
53          1.36816998829        10.00000000000          1.36826075219           -1.1545e-02
54          1.36826075219        10.00000000000          1.36833860750           -9.9033e-03
55          1.36833860750        10.00000000000          1.36840538973           -8.4948e-03
56          1.36840538973        10.00000000000          1.36846267351           -7.2866e-03
57          1.36846267351        10.00000000000          1.36851180962           -6.2502e-03
58          1.36851180962        10.00000000000          1.36855395678           -5.3612e-03
59          1.36855395678        10.00000000000          1.36859010898           -4.5986e-03
60          1.36859010898        10.00000000000          1.36862111885           -3.9445e-03
61          1.36862111885        10.00000000000          1.36864771779           -3.3835e-03
62          1.36864771779        10.00000000000          1.36867053318           -2.9022e-03
63          1.36867053318        10.00000000000          1.36869010318           -2.4894e-03
64          1.36869010318        10.00000000000          1.36870688941           -2.1353e-03
65          1.36870688941        10.00000000000          1.36872128783           -1.8315e-03
66          1.36872128783        10.00000000000          1.36873363810           -1.5710e-03
67          1.36873363810        10.00000000000          1.36874423155           -1.3475e-03
68          1.36874423155        10.00000000000          1.36875331808           -1.1558e-03
69          1.36875331808        10.00000000000          1.36876111205           -9.9142e-04
70          1.36876111205        10.00000000000          1.36876779731           -8.5039e-04
71          1.36876779731        10.00000000000          1.36877353159           -7.2942e-04
72          1.36877353159        10.00000000000          1.36877845016           -6.2566e-04
73          1.36877845016        10.00000000000          1.36878266905           -5.3666e-04
74          1.36878266905        10.00000000000          1.36878628779           -4.6032e-04
75          1.36878628779        10.00000000000          1.36878939176           -3.9483e-04
76          1.36878939176        10.00000000000          1.36879205418           -3.3867e-04
77          1.36879205418        10.00000000000          1.36879433787           -2.9049e-04
78          1.36879433787        10.00000000000          1.36879629669           -2.4917e-04
79          1.36879629669        10.00000000000          1.36879797686           -2.1372e-04
80          1.36879797686        10.00000000000          1.36879941803           -1.8332e-04
81          1.36879941803        10.00000000000          1.36880065418           -1.5724e-04
82          1.36880065418        10.00000000000          1.36880171449           -1.3487e-04
83          1.36880171449        10.00000000000          1.36880262396           -1.1569e-04
84          1.36880262396        10.00000000000          1.36880340406           -9.9231e-05
85          1.36880340406        10.00000000000          1.36880407319           -8.5115e-05
86          1.36880407319        10.00000000000          1.36880464713           -7.3007e-05
87          1.36880464713        10.00000000000          1.36880513943           -6.2622e-05
88          1.36880513943        10.00000000000          1.36880556169           -5.3713e-05
89          1.36880556169        10.00000000000          1.36880592389           -4.6073e-05
90          1.36880592389        10.00000000000          1.36880623456           -3.9519e-05
91          1.36880623456        10.00000000000          1.36880650104           -3.3897e-05
92          1.36880650104        10.00000000000          1.36880672961           -2.9075e-05
93          1.36880672961        10.00000000000          1.36880692567           -2.4939e-05
94          1.36880692567        10.00000000000          1.36880709383           -2.1391e-05
95          1.36880709383        10.00000000000          1.36880723808           -1.8348e-05
96          1.36880723808        10.00000000000          1.36880736180           -1.5738e-05
97          1.36880736180        10.00000000000          1.36880746792           -1.3499e-05
98          1.36880746792        10.00000000000          1.36880755895           -1.1579e-05
99          1.36880755895        10.00000000000          1.36880763703           -9.9319e-06
100          1.36880763703        10.00000000000          1.36880770400           -8.5190e-06
101          1.36880770400        10.00000000000          1.36880776145           -7.3072e-06

Final x:  1.3688077614 f(x): -0.0000073072 iter_count = 101 Abs_Error: 5.74e-08
-----------------------------------------------------------------------------------------------------------------------
-----------------------------------------------------------------------------------------------------------------------
Modified False Position method with bounds :[0,10] and tolerance 1e-10.

 n                     p0                    p1                  new_x              f(new_x)              Counter
 1          0.00000000000        10.00000000000          0.15384615385           -1.8411e+01                    0
 2          0.15384615385        10.00000000000          0.29345777618           -1.6868e+01                    1
 3          0.29345777618        10.00000000000          0.54271509236           -1.3824e+01                    2
 4          0.54271509236        10.00000000000          0.93434891346           -8.0948e+00                    3
 5          0.93434891346        10.00000000000          1.37091590993            4.4494e-02                    4
 6          0.93434891346         1.37091590993          1.36852940725           -5.8790e-03                    0
 7          1.36852940725         1.37091590993          1.36880793782           -3.5864e-06                    1
 8          1.36880793782         1.37091590993          1.36880827759            3.5814e-06                    2
 9          1.36880793782         1.36880827759          1.36880810782           -1.7764e-13                    0
10          1.36880810782         1.36880827759          1.36880810782            0.0000e+00                    1

Final x:  1.3688081078 f(x): 0.0000000000 iter_count = 10 Abs_Error: 8.44e-15
-----------------------------------------------------------------------------------------------------------------------
-----------------------------------------------------------------------------------------------------------------------
Secant method with bounds :[0,10] and tolerance 1e-10.

 n                     p0                    p1                  new_x              f(new_x)
 1           0.0000000000         10.0000000000           0.1538461538           -1.8411e+01
 2          10.0000000000          0.1538461538           0.2934577762           -1.6868e+01
 3           0.1538461538          0.2934577762           1.8200293309            1.0854e+01
 4           0.2934577762          1.8200293309           1.2223230809           -2.9624e+00
 5           1.8200293309          1.2223230809           1.3504761996           -3.8469e-01
 6           1.2223230809          1.3504761996           1.3696013442            1.6738e-02
 7           1.3504761996          1.3696013442           1.3688038894           -8.8992e-05
 8           1.3696013442          1.3688038894           1.3688081069           -2.0431e-08
 9           1.3688038894          1.3688081069           1.3688081078            2.4869e-14
10           1.3688081069          1.3688081078           1.3688081078            0.0000e+00

Final x:  1.3688081078 f(x): 0.0000000000 iter_count = 10 Abs_Error: 1.11e-15
-----------------------------------------------------------------------------------------------------------------------
-----------------------------------------------------------------------------------------------------------------------
Newtons method with bounds :[0,10] and tolerance 1e-10.

 1           0.0000000000          2.0000000000            1.6000e+01
 2           2.0000000000          1.4666666667            2.1239e+00
 3           1.4666666667          1.3715120138            5.7087e-02
 4           1.3715120138          1.3688102226            4.4614e-05
 5           1.3688102226          1.3688081078            2.7313e-11
 6           1.3688081078          1.3688081078            0.0000e+00

Final x:  1.3688081078 f(x): 0.0000000000 iter_count = 6 Abs_Error: 1.29e-12
-----------------------------------------------------------------------------------------------------------------------
